vgg (voltage)	vgg (voltage)	gm(mn1) (conductance)
0.000000e+00	0.000000e+00	1.099786e-11
1.000000e-02	1.000000e-02	1.429877e-11
2.000000e-02	2.000000e-02	1.859014e-11
3.000000e-02	3.000000e-02	2.416900e-11
4.000000e-02	4.000000e-02	3.142143e-11
5.000000e-02	5.000000e-02	4.084915e-11
6.000000e-02	6.000000e-02	5.310417e-11
7.000000e-02	7.000000e-02	6.903368e-11
8.000000e-02	8.000000e-02	8.973843e-11
9.000000e-02	9.000000e-02	1.166484e-10
1.000000e-01	1.000000e-01	1.516212e-10
1.100000e-01	1.100000e-01	1.970691e-10
1.200000e-01	1.200000e-01	2.561251e-10
1.300000e-01	1.300000e-01	3.328565e-10
1.400000e-01	1.400000e-01	4.325429e-10
1.500000e-01	1.500000e-01	5.620359e-10
1.600000e-01	1.600000e-01	7.302247e-10
1.700000e-01	1.700000e-01	9.486386e-10
1.800000e-01	1.800000e-01	1.232226e-09
1.900000e-01	1.900000e-01	1.600358e-09
2.000000e-01	2.000000e-01	2.078133e-09
2.100000e-01	2.100000e-01	2.698044e-09
2.200000e-01	2.200000e-01	3.502137e-09
2.300000e-01	2.300000e-01	4.544786e-09
2.400000e-01	2.400000e-01	5.896251e-09
2.500000e-01	2.500000e-01	7.647247e-09
2.600000e-01	2.600000e-01	9.914782e-09
2.700000e-01	2.700000e-01	1.284962e-08
2.800000e-01	2.800000e-01	1.664579e-08
2.900000e-01	2.900000e-01	2.155265e-08
3.000000e-01	3.000000e-01	2.789018e-08
3.100000e-01	3.100000e-01	3.606832e-08
3.200000e-01	3.200000e-01	4.661121e-08
3.300000e-01	3.300000e-01	6.018768e-08
3.400000e-01	3.400000e-01	7.764915e-08
3.500000e-01	3.500000e-01	1.000768e-07
3.600000e-01	3.600000e-01	1.288396e-07
3.700000e-01	3.700000e-01	1.656662e-07
3.800000e-01	3.800000e-01	2.127319e-07
3.900000e-01	3.900000e-01	2.727647e-07
4.000000e-01	4.000000e-01	3.491741e-07
4.100000e-01	4.100000e-01	4.462051e-07
4.200000e-01	4.200000e-01	5.691227e-07
4.300000e-01	4.300000e-01	7.244325e-07
4.400000e-01	4.400000e-01	9.201425e-07
4.500000e-01	4.500000e-01	1.166073e-06
4.600000e-01	4.600000e-01	1.474223e-06
4.700000e-01	4.700000e-01	1.859197e-06
4.800000e-01	4.800000e-01	2.338696e-06
4.900000e-01	4.900000e-01	2.934079e-06
5.000000e-01	5.000000e-01	3.670409e-06
5.100000e-01	5.100000e-01	4.578431e-06
5.200000e-01	5.200000e-01	5.695043e-06
5.300000e-01	5.300000e-01	7.061002e-06
5.400000e-01	5.400000e-01	8.721346e-06
5.500000e-01	5.500000e-01	1.072939e-05
5.600000e-01	5.600000e-01	1.314269e-05
5.700000e-01	5.700000e-01	1.601622e-05
5.800000e-01	5.800000e-01	1.939929e-05
5.900000e-01	5.900000e-01	2.334229e-05
6.000000e-01	6.000000e-01	2.788380e-05
6.100000e-01	6.100000e-01	3.304040e-05
6.200000e-01	6.200000e-01	3.880163e-05
6.300000e-01	6.300000e-01	4.515028e-05
6.400000e-01	6.400000e-01	5.203834e-05
6.500000e-01	6.500000e-01	5.939562e-05
6.600000e-01	6.600000e-01	6.713317e-05
6.700000e-01	6.700000e-01	7.513925e-05
6.800000e-01	6.800000e-01	8.331216e-05
6.900000e-01	6.900000e-01	9.154031e-05
7.000000e-01	7.000000e-01	9.970624e-05
7.100000e-01	7.100000e-01	1.077231e-04
7.200000e-01	7.200000e-01	1.155067e-04
7.300000e-01	7.300000e-01	1.229883e-04
7.400000e-01	7.400000e-01	1.301071e-04
7.500000e-01	7.500000e-01	1.368371e-04
7.600000e-01	7.600000e-01	1.431580e-04
7.700000e-01	7.700000e-01	1.490627e-04
7.800000e-01	7.800000e-01	1.545511e-04
7.900000e-01	7.900000e-01	1.596414e-04
8.000000e-01	8.000000e-01	1.643533e-04
8.100000e-01	8.100000e-01	1.687114e-04
8.200000e-01	8.200000e-01	1.727380e-04
8.300000e-01	8.300000e-01	1.764674e-04
8.400000e-01	8.400000e-01	1.799308e-04
8.500000e-01	8.500000e-01	1.831531e-04
8.600000e-01	8.600000e-01	1.861568e-04
8.700000e-01	8.700000e-01	1.889710e-04
8.800000e-01	8.800000e-01	1.916204e-04
8.900000e-01	8.900000e-01	1.941228e-04
9.000000e-01	9.000000e-01	1.964928e-04
9.100000e-01	9.100000e-01	1.987499e-04
9.200000e-01	9.200000e-01	2.009096e-04
9.300000e-01	9.300000e-01	2.029818e-04
9.400000e-01	9.400000e-01	2.049736e-04
9.500000e-01	9.500000e-01	2.068966e-04
9.600000e-01	9.600000e-01	2.087599e-04
9.700000e-01	9.700000e-01	2.105673e-04
9.800000e-01	9.800000e-01	2.123214e-04
9.900000e-01	9.900000e-01	2.140288e-04
1.000000e+00	1.000000e+00	2.156945e-04
1.010000e+00	1.010000e+00	2.173192e-04
1.020000e+00	1.020000e+00	2.189030e-04
1.030000e+00	1.030000e+00	2.204495e-04
1.040000e+00	1.040000e+00	2.219620e-04
1.050000e+00	1.050000e+00	2.234396e-04
1.060000e+00	1.060000e+00	2.248810e-04
1.070000e+00	1.070000e+00	2.262888e-04
1.080000e+00	1.080000e+00	2.276652e-04
1.090000e+00	1.090000e+00	2.290088e-04
1.100000e+00	1.100000e+00	2.303179e-04
1.110000e+00	1.110000e+00	2.315947e-04
1.120000e+00	1.120000e+00	2.328393e-04
1.130000e+00	1.130000e+00	2.340539e-04
1.140000e+00	1.140000e+00	2.352350e-04
1.150000e+00	1.150000e+00	2.363843e-04
1.160000e+00	1.160000e+00	2.375018e-04
1.170000e+00	1.170000e+00	2.385878e-04
1.180000e+00	1.180000e+00	2.396423e-04
1.190000e+00	1.190000e+00	2.406656e-04
1.200000e+00	1.200000e+00	2.416579e-04
1.210000e+00	1.210000e+00	2.426177e-04
1.220000e+00	1.220000e+00	2.435470e-04
1.230000e+00	1.230000e+00	2.444485e-04
1.240000e+00	1.240000e+00	2.453200e-04
1.250000e+00	1.250000e+00	2.461594e-04
1.260000e+00	1.260000e+00	2.469695e-04
1.270000e+00	1.270000e+00	2.477529e-04
1.280000e+00	1.280000e+00	2.485078e-04
1.290000e+00	1.290000e+00	2.492323e-04
1.300000e+00	1.300000e+00	2.499290e-04
1.310000e+00	1.310000e+00	2.506005e-04
1.320000e+00	1.320000e+00	2.512451e-04
1.330000e+00	1.330000e+00	2.518611e-04
1.340000e+00	1.340000e+00	2.524511e-04
1.350000e+00	1.350000e+00	2.530175e-04
1.360000e+00	1.360000e+00	2.535587e-04
1.370000e+00	1.370000e+00	2.540734e-04
1.380000e+00	1.380000e+00	2.545639e-04
1.390000e+00	1.390000e+00	2.550325e-04
1.400000e+00	1.400000e+00	2.554777e-04
1.410000e+00	1.410000e+00	2.558984e-04
1.420000e+00	1.420000e+00	2.562968e-04
1.430000e+00	1.430000e+00	2.566749e-04
1.440000e+00	1.440000e+00	2.570316e-04
1.450000e+00	1.450000e+00	2.573656e-04
1.460000e+00	1.460000e+00	2.576791e-04
1.470000e+00	1.470000e+00	2.579740e-04
1.480000e+00	1.480000e+00	2.582493e-04
1.490000e+00	1.490000e+00	2.585038e-04
1.500000e+00	1.500000e+00	2.587395e-04
1.510000e+00	1.510000e+00	2.589582e-04
1.520000e+00	1.520000e+00	2.591589e-04
1.530000e+00	1.530000e+00	2.593407e-04
1.540000e+00	1.540000e+00	2.595052e-04
1.550000e+00	1.550000e+00	2.596543e-04
1.560000e+00	1.560000e+00	2.597870e-04
1.570000e+00	1.570000e+00	2.599023e-04
1.580000e+00	1.580000e+00	2.600020e-04
1.590000e+00	1.590000e+00	2.600877e-04
1.600000e+00	1.600000e+00	2.601584e-04
1.610000e+00	1.610000e+00	2.602132e-04
1.620000e+00	1.620000e+00	2.602539e-04
1.630000e+00	1.630000e+00	2.602817e-04
1.640000e+00	1.640000e+00	2.602960e-04
1.650000e+00	1.650000e+00	2.602959e-04
1.660000e+00	1.660000e+00	2.602828e-04
1.670000e+00	1.670000e+00	2.602582e-04
1.680000e+00	1.680000e+00	2.602212e-04
1.690000e+00	1.690000e+00	2.601711e-04
1.700000e+00	1.700000e+00	2.601092e-04
1.710000e+00	1.710000e+00	2.600369e-04
1.720000e+00	1.720000e+00	2.599533e-04
1.730000e+00	1.730000e+00	2.598579e-04
1.740000e+00	1.740000e+00	2.597518e-04
1.750000e+00	1.750000e+00	2.596362e-04
1.760000e+00	1.760000e+00	2.595104e-04
1.770000e+00	1.770000e+00	2.593738e-04
1.780000e+00	1.780000e+00	2.592275e-04
1.790000e+00	1.790000e+00	2.590727e-04
