%vgg (voltage)	vgg (voltage)	gm(mn1) (conductance)
0.000000e+00	0.000000e+00	3.958217e-10
1.000000e-02	1.000000e-02	5.190008e-10
2.000000e-02	2.000000e-02	6.804555e-10
3.000000e-02	3.000000e-02	8.920507e-10
4.000000e-02	4.000000e-02	1.169315e-09
5.000000e-02	5.000000e-02	1.532564e-09
6.000000e-02	6.000000e-02	2.008368e-09
7.000000e-02	7.000000e-02	2.631457e-09
8.000000e-02	8.000000e-02	3.447212e-09
9.000000e-02	9.000000e-02	4.514882e-09
1.000000e-01	1.000000e-01	5.911787e-09
1.100000e-01	1.100000e-01	7.738738e-09
1.200000e-01	1.200000e-01	1.012707e-08
1.300000e-01	1.300000e-01	1.324770e-08
1.400000e-01	1.400000e-01	1.732283e-08
1.500000e-01	1.500000e-01	2.264096e-08
1.600000e-01	1.600000e-01	2.957611e-08
1.700000e-01	1.700000e-01	3.861243e-08
1.800000e-01	1.800000e-01	5.037544e-08
1.900000e-01	1.900000e-01	6.567174e-08
2.000000e-01	2.000000e-01	8.553896e-08
2.100000e-01	2.100000e-01	1.113087e-07
2.200000e-01	2.200000e-01	1.446847e-07
2.300000e-01	2.300000e-01	1.878408e-07
2.400000e-01	2.400000e-01	2.435405e-07
2.500000e-01	2.500000e-01	3.152845e-07
2.600000e-01	2.600000e-01	4.074897e-07
2.700000e-01	2.700000e-01	5.257058e-07
2.800000e-01	2.800000e-01	6.768747e-07
2.900000e-01	2.900000e-01	8.696401e-07
3.000000e-01	3.000000e-01	1.114714e-06
3.100000e-01	3.100000e-01	1.425305e-06
3.200000e-01	3.200000e-01	1.817626e-06
3.300000e-01	3.300000e-01	2.311470e-06
3.400000e-01	3.400000e-01	2.930880e-06
3.500000e-01	3.500000e-01	3.704332e-06
3.600000e-01	3.600000e-01	4.666916e-06
3.700000e-01	3.700000e-01	5.861081e-06
3.800000e-01	3.800000e-01	7.334710e-06
3.900000e-01	3.900000e-01	9.141881e-06
4.000000e-01	4.000000e-01	1.134765e-05
4.100000e-01	4.100000e-01	1.402438e-05
4.200000e-01	4.200000e-01	1.724522e-05
4.300000e-01	4.300000e-01	2.108044e-05
4.400000e-01	4.400000e-01	2.560484e-05
4.500000e-01	4.500000e-01	3.087903e-05
4.600000e-01	4.600000e-01	3.694613e-05
4.700000e-01	4.700000e-01	4.382498e-05
4.800000e-01	4.800000e-01	5.150453e-05
4.900000e-01	4.900000e-01	5.992794e-05
5.000000e-01	5.000000e-01	6.902813e-05
5.100000e-01	5.100000e-01	7.869709e-05
5.200000e-01	5.200000e-01	8.879261e-05
5.300000e-01	5.300000e-01	9.917426e-05
5.400000e-01	5.400000e-01	1.096762e-04
5.500000e-01	5.500000e-01	1.201533e-04
5.600000e-01	5.600000e-01	1.304526e-04
5.700000e-01	5.700000e-01	1.404565e-04
5.800000e-01	5.800000e-01	1.500521e-04
5.900000e-01	5.900000e-01	1.591666e-04
6.000000e-01	6.000000e-01	1.677372e-04
6.100000e-01	6.100000e-01	1.757374e-04
6.200000e-01	6.200000e-01	1.831541e-04
6.300000e-01	6.300000e-01	1.899823e-04
6.400000e-01	6.400000e-01	1.962515e-04
6.500000e-01	6.500000e-01	2.019904e-04
6.600000e-01	6.600000e-01	2.072348e-04
6.700000e-01	6.700000e-01	2.120248e-04
6.800000e-01	6.800000e-01	2.164025e-04
6.900000e-01	6.900000e-01	2.204058e-04
7.000000e-01	7.000000e-01	2.240805e-04
7.100000e-01	7.100000e-01	2.274652e-04
7.200000e-01	7.200000e-01	2.305952e-04
7.300000e-01	7.300000e-01	2.335030e-04
7.400000e-01	7.400000e-01	2.362173e-04
7.500000e-01	7.500000e-01	2.387636e-04
7.600000e-01	7.600000e-01	2.411615e-04
7.700000e-01	7.700000e-01	2.434329e-04
7.800000e-01	7.800000e-01	2.455940e-04
7.900000e-01	7.900000e-01	2.476586e-04
8.000000e-01	8.000000e-01	2.496403e-04
8.100000e-01	8.100000e-01	2.515446e-04
8.200000e-01	8.200000e-01	2.533813e-04
8.300000e-01	8.300000e-01	2.551571e-04
8.400000e-01	8.400000e-01	2.568771e-04
8.500000e-01	8.500000e-01	2.585455e-04
8.600000e-01	8.600000e-01	2.601635e-04
8.700000e-01	8.700000e-01	2.617359e-04
8.800000e-01	8.800000e-01	2.632672e-04
8.900000e-01	8.900000e-01	2.647565e-04
9.000000e-01	9.000000e-01	2.662022e-04
9.100000e-01	9.100000e-01	2.676081e-04
9.200000e-01	9.200000e-01	2.689770e-04
9.300000e-01	9.300000e-01	2.703072e-04
9.400000e-01	9.400000e-01	2.715966e-04
9.500000e-01	9.500000e-01	2.728481e-04
9.600000e-01	9.600000e-01	2.740640e-04
9.700000e-01	9.700000e-01	2.752423e-04
9.800000e-01	9.800000e-01	2.763810e-04
9.900000e-01	9.900000e-01	2.774826e-04
1.000000e+00	1.000000e+00	2.785493e-04
1.010000e+00	1.010000e+00	2.795793e-04
1.020000e+00	1.020000e+00	2.805708e-04
1.030000e+00	1.030000e+00	2.815262e-04
1.040000e+00	1.040000e+00	2.824477e-04
1.050000e+00	1.050000e+00	2.833337e-04
1.060000e+00	1.060000e+00	2.841827e-04
1.070000e+00	1.070000e+00	2.849971e-04
1.080000e+00	1.080000e+00	2.857791e-04
1.090000e+00	1.090000e+00	2.865272e-04
1.100000e+00	1.100000e+00	2.872403e-04
1.110000e+00	1.110000e+00	2.879208e-04
1.120000e+00	1.120000e+00	2.885706e-04
1.130000e+00	1.130000e+00	2.891887e-04
1.140000e+00	1.140000e+00	2.897742e-04
1.150000e+00	1.150000e+00	2.903292e-04
1.160000e+00	1.160000e+00	2.908558e-04
1.170000e+00	1.170000e+00	2.913531e-04
1.180000e+00	1.180000e+00	2.918202e-04
1.190000e+00	1.190000e+00	2.922593e-04
1.200000e+00	1.200000e+00	2.926722e-04
1.210000e+00	1.210000e+00	2.930583e-04
1.220000e+00	1.220000e+00	2.934168e-04
1.230000e+00	1.230000e+00	2.937497e-04
1.240000e+00	1.240000e+00	2.940588e-04
1.250000e+00	1.250000e+00	2.943435e-04
1.260000e+00	1.260000e+00	2.946032e-04
1.270000e+00	1.270000e+00	2.948396e-04
1.280000e+00	1.280000e+00	2.950535e-04
1.290000e+00	1.290000e+00	2.952468e-04
1.300000e+00	1.300000e+00	2.954186e-04
1.310000e+00	1.310000e+00	2.955674e-04
1.320000e+00	1.320000e+00	2.956958e-04
1.330000e+00	1.330000e+00	2.958064e-04
1.340000e+00	1.340000e+00	2.958975e-04
1.350000e+00	1.350000e+00	2.959679e-04
1.360000e+00	1.360000e+00	2.960200e-04
1.370000e+00	1.370000e+00	2.960561e-04
1.380000e+00	1.380000e+00	2.960748e-04
1.390000e+00	1.390000e+00	2.960749e-04
1.400000e+00	1.400000e+00	2.960585e-04
1.410000e+00	1.410000e+00	2.960279e-04
1.420000e+00	1.420000e+00	2.959817e-04
1.430000e+00	1.430000e+00	2.959187e-04
1.440000e+00	1.440000e+00	2.958411e-04
1.450000e+00	1.450000e+00	2.957507e-04
1.460000e+00	1.460000e+00	2.956464e-04
1.470000e+00	1.470000e+00	2.955271e-04
1.480000e+00	1.480000e+00	2.953946e-04
1.490000e+00	1.490000e+00	2.952507e-04
1.500000e+00	1.500000e+00	2.950944e-04
1.510000e+00	1.510000e+00	2.949246e-04
1.520000e+00	1.520000e+00	2.947431e-04
1.530000e+00	1.530000e+00	2.945513e-04
1.540000e+00	1.540000e+00	2.943484e-04
1.550000e+00	1.550000e+00	2.941334e-04
1.560000e+00	1.560000e+00	2.939079e-04
1.570000e+00	1.570000e+00	2.936733e-04
1.580000e+00	1.580000e+00	2.934287e-04
1.590000e+00	1.590000e+00	2.931733e-04
1.600000e+00	1.600000e+00	2.929084e-04
1.610000e+00	1.610000e+00	2.926354e-04
1.620000e+00	1.620000e+00	2.923533e-04
1.630000e+00	1.630000e+00	2.920616e-04
1.640000e+00	1.640000e+00	2.917614e-04
1.650000e+00	1.650000e+00	2.914538e-04
1.660000e+00	1.660000e+00	2.911383e-04
1.670000e+00	1.670000e+00	2.908139e-04
1.680000e+00	1.680000e+00	2.904819e-04
1.690000e+00	1.690000e+00	2.901434e-04
1.700000e+00	1.700000e+00	2.897976e-04
1.710000e+00	1.710000e+00	2.894440e-04
1.720000e+00	1.720000e+00	2.890834e-04
1.730000e+00	1.730000e+00	2.887170e-04
1.740000e+00	1.740000e+00	2.883441e-04
1.750000e+00	1.750000e+00	2.879640e-04
1.760000e+00	1.760000e+00	2.875778e-04
1.770000e+00	1.770000e+00	2.871863e-04
1.780000e+00	1.780000e+00	2.867889e-04
1.790000e+00	1.790000e+00	2.863851e-04
