vgg (voltage)	vgg (voltage)	gm(mn1) (conductance)
0.000000e+00	0.000000e+00	1.875395e-08
1.000000e-02	1.000000e-02	2.470992e-08
2.000000e-02	2.000000e-02	3.254103e-08
3.000000e-02	3.000000e-02	4.282944e-08
4.000000e-02	4.000000e-02	5.633398e-08
5.000000e-02	5.000000e-02	7.404178e-08
6.000000e-02	6.000000e-02	9.723417e-08
7.000000e-02	7.000000e-02	1.275701e-07
8.000000e-02	8.000000e-02	1.671913e-07
9.000000e-02	9.000000e-02	2.188543e-07
1.000000e-01	1.000000e-01	2.860946e-07
1.100000e-01	1.100000e-01	3.734292e-07
1.200000e-01	1.200000e-01	4.866052e-07
1.300000e-01	1.300000e-01	6.329014e-07
1.400000e-01	1.400000e-01	8.214922e-07
1.500000e-01	1.500000e-01	1.063881e-06
1.600000e-01	1.600000e-01	1.374411e-06
1.700000e-01	1.700000e-01	1.770870e-06
1.800000e-01	1.800000e-01	2.275180e-06
1.900000e-01	1.900000e-01	2.914199e-06
2.000000e-01	2.000000e-01	3.720613e-06
2.100000e-01	2.100000e-01	4.733055e-06
2.200000e-01	2.200000e-01	5.999322e-06
2.300000e-01	2.300000e-01	7.577317e-06
2.400000e-01	2.400000e-01	9.530488e-06
2.500000e-01	2.500000e-01	1.193568e-05
2.600000e-01	2.600000e-01	1.487867e-05
2.700000e-01	2.700000e-01	1.845103e-05
2.800000e-01	2.800000e-01	2.275338e-05
2.900000e-01	2.900000e-01	2.788460e-05
3.000000e-01	3.000000e-01	3.393610e-05
3.100000e-01	3.100000e-01	4.097664e-05
3.200000e-01	3.200000e-01	4.905908e-05
3.300000e-01	3.300000e-01	5.819584e-05
3.400000e-01	3.400000e-01	6.834177e-05
3.500000e-01	3.500000e-01	7.943093e-05
3.600000e-01	3.600000e-01	9.133973e-05
3.700000e-01	3.700000e-01	1.038878e-04
3.800000e-01	3.800000e-01	1.168953e-04
3.900000e-01	3.900000e-01	1.301376e-04
4.000000e-01	4.000000e-01	1.434104e-04
4.100000e-01	4.100000e-01	1.564899e-04
4.200000e-01	4.200000e-01	1.692068e-04
4.300000e-01	4.300000e-01	1.813932e-04
4.400000e-01	4.400000e-01	1.929368e-04
4.500000e-01	4.500000e-01	2.037378e-04
4.600000e-01	4.600000e-01	2.137556e-04
4.700000e-01	4.700000e-01	2.229677e-04
4.800000e-01	4.800000e-01	2.313654e-04
4.900000e-01	4.900000e-01	2.389884e-04
5.000000e-01	5.000000e-01	2.458774e-04
5.100000e-01	5.100000e-01	2.520838e-04
5.200000e-01	5.200000e-01	2.576659e-04
5.300000e-01	5.300000e-01	2.626782e-04
5.400000e-01	5.400000e-01	2.671893e-04
5.500000e-01	5.500000e-01	2.712578e-04
5.600000e-01	5.600000e-01	2.749387e-04
5.700000e-01	5.700000e-01	2.782829e-04
5.800000e-01	5.800000e-01	2.813359e-04
5.900000e-01	5.900000e-01	2.841382e-04
6.000000e-01	6.000000e-01	2.867229e-04
6.100000e-01	6.100000e-01	2.891234e-04
6.200000e-01	6.200000e-01	2.913658e-04
6.300000e-01	6.300000e-01	2.934724e-04
6.400000e-01	6.400000e-01	2.954616e-04
6.500000e-01	6.500000e-01	2.973489e-04
6.600000e-01	6.600000e-01	2.991468e-04
6.700000e-01	6.700000e-01	3.008659e-04
6.800000e-01	6.800000e-01	3.025143e-04
6.900000e-01	6.900000e-01	3.040987e-04
7.000000e-01	7.000000e-01	3.056227e-04
7.100000e-01	7.100000e-01	3.070922e-04
7.200000e-01	7.200000e-01	3.085105e-04
7.300000e-01	7.300000e-01	3.098823e-04
7.400000e-01	7.400000e-01	3.112071e-04
7.500000e-01	7.500000e-01	3.124829e-04
7.600000e-01	7.600000e-01	3.137143e-04
7.700000e-01	7.700000e-01	3.149050e-04
7.800000e-01	7.800000e-01	3.160526e-04
7.900000e-01	7.900000e-01	3.171543e-04
8.000000e-01	8.000000e-01	3.182138e-04
8.100000e-01	8.100000e-01	3.192342e-04
8.200000e-01	8.200000e-01	3.202128e-04
8.300000e-01	8.300000e-01	3.211471e-04
8.400000e-01	8.400000e-01	3.220403e-04
8.500000e-01	8.500000e-01	3.228954e-04
8.600000e-01	8.600000e-01	3.237100e-04
8.700000e-01	8.700000e-01	3.244820e-04
8.800000e-01	8.800000e-01	3.252144e-04
8.900000e-01	8.900000e-01	3.259102e-04
9.000000e-01	9.000000e-01	3.265673e-04
9.100000e-01	9.100000e-01	3.271842e-04
9.200000e-01	9.200000e-01	3.277637e-04
9.300000e-01	9.300000e-01	3.283087e-04
9.400000e-01	9.400000e-01	3.288176e-04
9.500000e-01	9.500000e-01	3.292891e-04
9.600000e-01	9.600000e-01	3.297261e-04
9.700000e-01	9.700000e-01	3.301312e-04
9.800000e-01	9.800000e-01	3.305033e-04
9.900000e-01	9.900000e-01	3.308413e-04
1.000000e+00	1.000000e+00	3.311479e-04
1.010000e+00	1.010000e+00	3.314256e-04
1.020000e+00	1.020000e+00	3.316735e-04
1.030000e+00	1.030000e+00	3.318909e-04
1.040000e+00	1.040000e+00	3.320801e-04
1.050000e+00	1.050000e+00	3.322436e-04
1.060000e+00	1.060000e+00	3.323805e-04
1.070000e+00	1.070000e+00	3.324903e-04
1.080000e+00	1.080000e+00	3.325753e-04
1.090000e+00	1.090000e+00	3.326376e-04
1.100000e+00	1.100000e+00	3.326765e-04
1.110000e+00	1.110000e+00	3.326916e-04
1.120000e+00	1.120000e+00	3.326849e-04
1.130000e+00	1.130000e+00	3.326584e-04
1.140000e+00	1.140000e+00	3.326115e-04
1.150000e+00	1.150000e+00	3.325439e-04
1.160000e+00	1.160000e+00	3.324574e-04
1.170000e+00	1.170000e+00	3.323537e-04
1.180000e+00	1.180000e+00	3.322323e-04
1.190000e+00	1.190000e+00	3.320930e-04
1.200000e+00	1.200000e+00	3.319374e-04
1.210000e+00	1.210000e+00	3.317669e-04
1.220000e+00	1.220000e+00	3.315812e-04
1.230000e+00	1.230000e+00	3.313801e-04
1.240000e+00	1.240000e+00	3.311649e-04
1.250000e+00	1.250000e+00	3.309370e-04
1.260000e+00	1.260000e+00	3.306960e-04
1.270000e+00	1.270000e+00	3.304418e-04
1.280000e+00	1.280000e+00	3.301755e-04
1.290000e+00	1.290000e+00	3.298982e-04
1.300000e+00	1.300000e+00	3.296098e-04
1.310000e+00	1.310000e+00	3.293099e-04
1.320000e+00	1.320000e+00	3.289997e-04
1.330000e+00	1.330000e+00	3.286802e-04
1.340000e+00	1.340000e+00	3.283510e-04
1.350000e+00	1.350000e+00	3.280121e-04
1.360000e+00	1.360000e+00	3.276642e-04
1.370000e+00	1.370000e+00	3.273083e-04
1.380000e+00	1.380000e+00	3.269442e-04
1.390000e+00	1.390000e+00	3.265715e-04
1.400000e+00	1.400000e+00	3.261913e-04
1.410000e+00	1.410000e+00	3.258040e-04
1.420000e+00	1.420000e+00	3.254097e-04
1.430000e+00	1.430000e+00	3.250084e-04
1.440000e+00	1.440000e+00	3.245998e-04
1.450000e+00	1.450000e+00	3.241848e-04
1.460000e+00	1.460000e+00	3.237644e-04
1.470000e+00	1.470000e+00	3.233379e-04
1.480000e+00	1.480000e+00	3.229049e-04
1.490000e+00	1.490000e+00	3.224662e-04
1.500000e+00	1.500000e+00	3.220228e-04
1.510000e+00	1.510000e+00	3.215740e-04
1.520000e+00	1.520000e+00	3.211194e-04
1.530000e+00	1.530000e+00	3.206599e-04
1.540000e+00	1.540000e+00	3.201960e-04
1.550000e+00	1.550000e+00	3.197275e-04
1.560000e+00	1.560000e+00	3.192537e-04
1.570000e+00	1.570000e+00	3.187754e-04
1.580000e+00	1.580000e+00	3.182933e-04
1.590000e+00	1.590000e+00	3.178069e-04
1.600000e+00	1.600000e+00	3.173158e-04
1.610000e+00	1.610000e+00	3.168207e-04
1.620000e+00	1.620000e+00	3.163220e-04
1.630000e+00	1.630000e+00	3.158194e-04
1.640000e+00	1.640000e+00	3.153125e-04
1.650000e+00	1.650000e+00	3.148018e-04
1.660000e+00	1.660000e+00	3.142879e-04
1.670000e+00	1.670000e+00	3.137704e-04
1.680000e+00	1.680000e+00	3.132489e-04
1.690000e+00	1.690000e+00	3.127238e-04
1.700000e+00	1.700000e+00	3.121958e-04
1.710000e+00	1.710000e+00	3.116643e-04
1.720000e+00	1.720000e+00	3.111291e-04
1.730000e+00	1.730000e+00	3.105907e-04
1.740000e+00	1.740000e+00	3.100494e-04
1.750000e+00	1.750000e+00	3.095049e-04
1.760000e+00	1.760000e+00	3.089568e-04
1.770000e+00	1.770000e+00	3.084057e-04
1.780000e+00	1.780000e+00	3.078519e-04
1.790000e+00	1.790000e+00	3.072950e-04
